inc_signals <-
structure(c(1668055215.1168549, 1668055237.7885799, 1668055273.259336, 
1668055279.739924, 1668055306.189569, 1668055313.302125, 1668055319.6965921, 
1668055327.6419179, 1668055337.26489, 1668055340.6166041, 1668055351.548548, 
1668055356.055387, 1668055358.5619709, 1668055369.13797, 1668055372.5739341, 
1668055373.611907, 1668055378.3176129, 1668055382.112406, 1668055382.373785, 
1668055387.0733681, 1668055387.5946801, 1668055389.4700019, 1668055400.7460899, 
1668055402.8814371, 1668055422.4105351, 1668055425.1307659, 1668055429.666609, 
1668055439.9647009, 1668055440.329299, 1668055440.4134581, 1668055443.561203, 
1668055451.6408939, 1668055452.2584031, 1668055453.7775791, 1668055460.517782, 
1668055460.5654249, 1668055461.649364, 1668055482.1749799, 1668055501.6915081, 
1668055505.8423929, 1668055584.5245211, 1668055655.4202731, 1668055664.107007, 
1668055672.4915731, 1668055720.4287591, 1668055723.036319, 1668055727.3441291, 
1668055736.377887, 1668055760.8262229, 1668055760.873702, 1668055813.853523, 
1668055838.7382939, 1668055845.580759, 1668055847.8030479, 1668055854.5483279, 
1668055863.562084, 1668055864.707375, 1668055872.0937159, 1668055873.2889969, 
1668055874.404685, 1668055877.169646, 1668055885.3933811, 1668055885.8423409, 
1668055890.9673319, 1668055893.717871, 1668055900.1351039, 1668055902.5165219, 
1668055908.6867709, 1668055909.0242231, 1668055917.038378, 1668055917.113183, 
1668055918.5406611, 1668055918.8016281, 1668055919.4226899, 1668055921.759268, 
1668055927.3448379, 1668055927.428741, 1668055929.2347381, 1668055929.2637529, 
1668055930.007241, 1668055930.0079651, 1668055930.2386551, 1668055931.213506, 
1668055932.003752, 1668055939.4326861, 1668055939.795126, 1668055940.6737731, 
1668055941.3227029, 1668055942.540261, 1668055943.2235229, 1668055945.7839861, 
1668055946.8567929, 1668055946.935205, 1668055948.4518559, 1668055948.4782469, 
1668055948.7926691, 1668055949.9648609, 1668055950.132159, 1668055950.6601501, 
1668055951.765018, 1668055952.2595711, 1668055952.6203029, 1668055952.886158, 
1668055952.9635341, 1668055954.626142, 1668055954.88834, 1668055956.000248, 
1668055956.624063, 1668055957.3403151, 1668055957.3665111, 1668055957.495435, 
1668055957.7621219, 1668055959.5019391, 1668055960.2512059, 1668055960.5734019, 
1668055961.135273, 1668055961.2108181, 1668055962.0595379, 1668055963.06041, 
1668055968.108475, 1668055969.9259069, 1668055972.0302141, 1668055973.089632, 
1668055976.0808721, 1668055976.4172549, 1668055980.833858, 1668055981.598129, 
1668055988.1282151, 1668055995.377737, 1668055996.6505899, 1668056008.545212, 
1668056022.2459691, 1668056034.046031, 1668056036.3915181, 1668056038.5439041, 
1668056042.8654699), class = c("POSIXct", "POSIXt"))
out_signals <-
structure(1668055813.853523, class = c("POSIXct", "POSIXt"))
result <-
list(problems = structure(list(time = structure(logical(0), class = c("POSIXct", 
"POSIXt")), problem = character(0)), row.names = integer(0), class = "data.frame"), 
    n_signals = 1, penalty = 7.7684464719560395, score = 100)
