,PCEPI,CPIAUCSL,ICSA_Week1,ICSA_Week2,ICSA_Week3,ICSA_Week4,ICSA_Week5
PCEPI,1.0,0.9993,0.6408,0.6724,0.7126,0.6664,0.7406
CPIAUCSL,0.9993,1.0,0.6398,0.671,0.707,0.6611,0.7395
ICSA_Week1,0.6408,0.6398,1.0,0.994,0.8574,0.7548,0.9706
ICSA_Week2,0.6724,0.671,0.994,1.0,0.862,0.762,0.9878
ICSA_Week3,0.7126,0.707,0.8574,0.862,1.0,0.9646,0.9924
ICSA_Week4,0.6664,0.6611,0.7548,0.762,0.9646,1.0,0.9964
ICSA_Week5,0.7406,0.7395,0.9706,0.9878,0.9924,0.9964,1.0
