,PCEPI,CPIAUCSL,ICSA_Week1,ICSA_Week2,ICSA_Week3,ICSA_Week4,ICSA_Week5
PCEPI,1.0,0.9899,-0.5652,-0.5786,-0.665,-0.6672,-0.5455
CPIAUCSL,0.9899,1.0,-0.5685,-0.582,-0.6684,-0.6706,-0.5455
ICSA_Week1,-0.5652,-0.5685,1.0,0.8998,0.8226,0.8213,0.9394
ICSA_Week2,-0.5786,-0.582,0.8998,1.0,0.8544,0.8403,0.9313
ICSA_Week3,-0.665,-0.6684,0.8226,0.8544,1.0,0.9539,0.9394
ICSA_Week4,-0.6672,-0.6706,0.8213,0.8403,0.9539,1.0,0.9394
ICSA_Week5,-0.5455,-0.5455,0.9394,0.9313,0.9394,0.9394,1.0
